0.366060704266301 -0.601586798786942 -1.0815493579067
-0.427760409732353 -0.243869684691345 -3.71563269829713
0.676477603095918 1.02700767339592 -0.473753008903871
-1.12945929522898 -0.142533697206615 -1.65395032078753
-0.553277215005039 1.22056713353306 1.81604905770346
-2.3593057315703 0.627496383266641 1.15401390727804
0.457446475881144 1.03247393218863 -0.760033976652166
-0.384310012314115 -1.44767279896365 0.0852016344872366
-1.16514802071922 -0.576507895974504 0.820161951656667
0.0635630721980855 -0.0410130543298024 1.3681925824142
0.542120109372691 -1.11386526972192 -1.9339317408433
-0.441696030325744 -1.23042167876331 3.01425269211273
-0.0106753769028127 -0.130745629288747 1.77969352383481
0.807573167439119 0.233508262910079 1.23862179783812
-0.0777941224179121 0.0703626852346034 2.64069677490585
0.482525061246856 0.571912299846104 -2.49669422562774
-2.37132034590941 -1.18691876506565 1.09179999406891
-0.74307818743741 0.165087133170501 1.03522681398598
-0.786345117438894 -0.846385534510822 0.0474311484338815
0.740394680170612 -0.907464481195333 1.31595706444868
0.94246918381557 0.96541056327881 -0.713185201204457
-0.21462073118431 -1.73357272725282 0.0155628014797971
0.110823757968509 1.30537353922532 -0.0493687251946304
-0.827415840797949 -2.35425617024581 3.03655442144262
-0.162013897689821 -0.0806031564151629 2.80906870388005
-0.431672712442449 1.54681380929741 0.469476189991775
0.679575282650776 0.0725229702841657 -0.757935721263364
0.560670524988547 4.11450406659991 0.981197075482429
-0.87923142033639 0.0589844670908664 -1.54998048166952
-0.534308726749718 0.499710726895898 0.831576518537684
-1.942139231482 1.5089159774812 -2.80271626671284
0.592965731057373 -0.152976642980482 -0.920422021851625
-0.359935297400246 0.0693304952592171 1.09664624231738
-3.21709350575914 0.330563490479431 -0.579985947036142
-0.977346848109338 0.359593424936993 0.721605024222335
-0.690083428477945 1.69584120100355 0.0337273572028736
1.133287915092 4.24835362061518 -3.76606707940159
0.997735199941451 0.253845622984849 -0.253619019214126
-1.03737337385104 -0.118404525379479 0.256672846951567
0.967867332905291 -0.110938934438621 0.261705364968217
-0.88698925464644 0.901791743091164 -0.300001462038284
-4.86286215213525 2.03465776862997 -1.35343129307195
-0.661053061543064 0.475250289753023 -2.57353534209671
-1.63539459868109 2.28648814978482 -0.143242074538514
0.130544325780537 0.267431454223251 2.43201936227501
-0.0695307757652167 0.330094189328886 -1.7968459612495
0.0814476378110887 -0.177071452534925 1.97050514945116
1.36527065051291 0.123897881409557 2.8220791697812
0.0129168123013815 0.0163446991541343 -1.48555076732404
-0.66344029066082 -0.459694288749444 -2.49774603497184
0.0990245349867959 0.760560383531651 0.800820503378249
1.12246134742252 -0.776641903193306 -0.604357671565851
1.22024120328625 -0.917533610360065 -1.73701590686115
-0.713663997974823 0.545957516661283 1.56260669041847
-0.81220841460108 0.69408206935792 0.417391045313866
0.00670280347754054 -0.00459679364644175 1.46273002267504
0.155828556832261 -0.0393952719282942 1.85386638215529
1.24869826287206 -0.847644244018251 0.757787550771617
-0.129875530077108 1.99457807588697 -1.51162815028149
0.107042226070535 -1.96696789218686 0.13561820655759
1.01803901565676 1.37569002330842 -0.937536880315175
-0.76107152928687 0.471020539520188 -0.475061295718156
-0.209943335916317 0.0527415526079775 -2.48024035994421
-1.66088139518307 -0.0222458190322968 -0.0109194839095379
-0.0705260112751842 -1.30128289992565 -0.905963061290931
-2.48567292720673 -2.05506165176306 -0.821664836926309
-0.157971951524793 0.577396952262556 1.21709937911017
-0.540598955206859 -0.174335397602936 1.0200592046292
-1.10031672577691 -0.207993250568519 0.722623399010248
0.511271828164397 -0.884448939263943 -0.215145271652049
-0.564194579427867 0.109309282827504 3.17464756873599
4.08308325050612 0.777231585211578 -1.69387284434681
-1.01989509903892 -0.496411992516098 1.85531572621615
2.122648645326 -1.0388371819462 -0.887979637847135
3.98756099932662 1.56230913697742 5.21149855177144
0.639406240017291 2.53182048777781 -0.358985180228855
-0.0122476867778572 0.104492072406113 1.68829518235908
1.12370896511546 0.728262183701099 0.517184464664345
0.746858004260252 -0.0163992405858745 0.837445411108685
-1.42482201475876 -0.358402552356674 0.316536891120549
-0.914390251408721 -0.0962894045329562 0.513453115407711
-0.188640371982334 -0.849552800364504 0.840675549016959
-0.879211681413795 0.621315689317547 1.79203803435007
-1.41595611580763 -2.03015422328161 0.611250827579074
1.62794871144228 1.26825490617861 -1.21794285777366
-0.646396303480514 0.526865424534694 -0.998320994411926
-5.10406524270728 2.94187347902925 1.45889974171748
0.428037642840162 0.238310684383525 -1.10266102434653
-0.548169792203197 -0.408943444753904 2.34941776299084
0.0626273108314705 -1.17419486648852 -0.6359885861215
0.838384052132171 0.041697785648517 1.34605081546158
-0.576192495633764 -0.703489856348 -1.39113733938268
0.613247022290824 0.446705741246848 0.833277492393802
-1.35604832694571 -0.959997413430525 -1.07923097627008
-0.408946702896316 -0.598320678911701 0.826874007457322
0.440481060601394 -0.345608587330434 1.02882377641399
0.206479366854376 0.420712796405256 -1.26785419325296
-0.740939515294331 0.764306657304809 -0.129945688182986
-0.562230099027578 -0.384635263216316 1.08700589140645
0.752742422241373 0.0810156070140566 0.910505607371026
0.247520732963322 -0.635248221052274 -7.67688855632091
0.646709278570614 -1.496677765266 -1.16463895378937
0.409513736607715 -1.37184516908223 0.271690981461946
-1.01348161788403 1.65737320660713 0.959980006041144
0.225576448824187 0.0577289259394009 -1.06864591471603
-0.14752603873118 -1.25581854146322 -1.01108250152004
1.06643668169085 0.283034034571663 2.53830962145727
-0.326104908766301 -0.708166046795191 -1.93676348035941
-0.0187103999440234 -0.228191478209583 -1.61242570238209
-0.501706590604372 -0.0737857428673335 1.61676824448852
0.401665427029134 -1.10947700913623 1.66421236886382
0.651647802205191 -1.1901715645685 -1.28439184016248
-1.03444382880919 1.94179089093704 0.3542756449558
1.13408454448573 0.0122957789039191 -1.65596547871205
-0.503633623272384 -0.19810496262561 1.36599048143379
0.317495014543786 0.425564855550579 -1.44139856605469
0.370861028829485 -0.699985849050882 4.30060704741166
-0.436200648535458 2.43887182065713 -0.615383054730428
-0.224424842585488 0.00798304699952271 1.45051043884095
1.31551871251995 -0.66271032014236 1.62328697632444
1.6784916816548 -1.38303885355162 0.70707239775665
0.23728183861914 -0.666555844329386 -2.97616012737919
1.23351630024884 0.249849874644941 3.43683306385863
0.144687715194337 -1.10217456633543 -1.51333265031369
-0.377233503116363 1.23259904051408 -2.05722576116978
0.991400464690154 -0.0201109223183098 0.730853359998227
2.81476617539253 0.135191478336957 -0.483973170131384
0.0662190766808688 -0.573143940816022 1.11911346229813
0.821343686021232 -0.253906231308768 -1.59410700702541
-2.02640675980206 0.699982186631597 -1.68944935239436
-0.923855120215219 0.109582528295439 0.420601377075829
1.8794718753516 -1.42465562324322 1.31651134239207
-0.411159267169261 0.44813510456255 1.03045183012627
0.421880792424405 0.969623590869648 0.312364774307709
1.24045850559575 0.262138882653121 0.648712451329739
0.00488312267468361 -0.350849756961793 -1.8812411195784
0.979597927577658 0.264723658885058 0.217780845936258
-1.20062250853236 1.32183330220482 1.27606037931079
1.01110230040751 0.821736106800473 -0.497360135115777
-0.0469171219813639 0.192298429378119 -1.9887691180057
-0.0909917260240195 -0.165793802796436 1.55322301469591
-0.392322228050853 -0.198279155000357 -1.27240358410119
-0.813275014441657 -0.931817919815816 0.287172838085029
-0.328988963151486 0.203149285387466 0.983152328145896
-0.285239136586413 1.53763324365134 -5.50015155164789
-2.30789929050186 2.02384982024429 5.56506129658571
0.522219561286091 -0.47788609210638 -2.3352103568551
0.891973120112362 0.450631836543139 -1.36843616949388
-0.036688557224264 1.57458212763273 -0.116452165614011
-2.63637819262225 -1.0298376149482 0.293375909482434
0.459679533204327 -0.416235142643468 -1.0109869130811
-0.71399470211939 0.553793294772678 -0.623885292780661
0.0281377184686752 -1.24741792307608 -0.251582351829638
0.0222492127660815 -0.00534368749675409 -1.00162807318048
0.0588949909065669 0.126243251036775 1.63267545479764
-0.95745671923029 1.00524887058893 0.699873610450809
-1.70267256550502 1.1400114365673 0.661026618930464
-0.711032110654088 -0.403590442967708 -2.6270196261604
-2.13006867183481 2.90701534090809 3.02821175492079
0.0883152679590553 2.51989809045874 2.78704332429637
-0.720200256655314 -0.821843824779001 1.72040707733362
0.168657195406813 -0.119124394985674 1.1339388925163
-0.0338647374030459 -0.0144814419305075 1.72414787527679
0.0549720962396662 -1.73484448212717 2.96789684750912
1.14772534175153 1.96318476279233 -1.49588691946303
1.73900319703894 0.529130552673112 -0.0114025886332746
0.768225607271833 -1.01767882862548 0.239920781561809
0.0452869493538432 0.732258633287479 -1.40784379002963
-1.36224281847523 0.698949799351348 1.40487175303256
-0.0691975949008794 0.0441606688320298 1.04686169553592
-0.0993438939757839 0.319783101151655 1.16426006719018
0.046371492007026 -0.285619254800567 1.17130988405529
-1.47194057100856 0.0606426516734394 -0.0574058303659894
1.49143597279506 -0.963385463891943 -0.326320047241628
1.45846601614094 -0.827603530920873 0.262011970250655
0.233428828830217 0.34932846122215 -4.58189171472987
-0.595957466450086 0.7789744395531 -0.81921857559764
0.821588976276151 0.171434851341433 0.615274456511072
2.49984134203309 0.667192984742309 -0.341137407113117
-0.936698452014406 0.297220337972076 -1.17523557587771
0.714911268350538 -0.420101897756708 -0.571617261185253
0.27880435127403 0.438474732522167 -1.09561737002697
-0.207607723310758 0.556575042249755 1.44019619478638
0.239976146413112 2.07100982799509 1.47625128601517
0.178859329764485 0.570867386347154 2.20351247309991
0.395099879292049 1.26305130140496 -0.264236507563439
0.173166582827331 -0.42359359613051 1.10049937886579
1.62180986841798 -4.93628858626777 -2.74241883157188
0.0115237632979106 -0.00370158375897829 1.08798427102557
0.679337951478631 1.35787866872806 -0.334716450446506
-3.08400414095046 -1.24051874049684 -0.743317482826489
-1.51900206189613 0.105627613719805 0.272029595783301
0.285814515908317 0.29363151049655 -1.33051830460037
-0.542652287447517 -0.546686151278542 2.53084462058125
1.9578966153151 -1.29798326370583 -0.656530313151285
-0.871865698980715 -0.0436696114514729 1.3082983869902
1.06791151536588 2.13933650559603 1.53080114467636
0.0564873687684229 0.155237990129929 1.00708502659348
-0.0711673072822249 0.235278195621268 1.01270595196315
0.338932617514022 -0.148890826818429 -0.930915449490368
-0.669640345492559 1.16775098737873 -0.85660431335699
0.147103644942879 -1.12183275613969 -0.284717123692349
-0.744052630685456 0.284748395048256 -1.4880478581698
-1.3286080892988 -0.692379100905661 -0.664939868206574
0.401264812170423 0.0593343943310187 2.99268589984456
1.14575307437563 0.161653176184958 0.525353742327476
-0.0369442027977485 0.146637567972047 3.28944922767416
0.12235884733753 -0.321210731872876 1.54188283700295
0.669338788776874 1.88312789950962 1.3068384135247
1.5960281087814 -2.47178103337393 -3.01536731535185
1.39831674636116 0.0715019952550224 -1.90024972865581
0.227285319311218 -0.2526627097697 2.0768881444921
0.253542071822143 0.339558816586519 1.33157636027584
-0.0149268688852138 -0.185989863491121 -1.20873391663613
1.00650839229803 -0.94555918936599 -0.369042046149267
0.0986986857693846 0.00461842205083989 -1.19522356776145
0.013117872530869 0.0110173936656417 -1.19892789682871
1.11682373889053 -1.03672278162673 0.41057702320937
0.218074545077017 -0.350295577512496 2.3128744737849
0.0377915170317987 -0.7259764893819 1.55981214347081
-4.74682671574898 0.935977628499118 0.164939461119542
1.2743755329585 0.0502938833927913 -0.31364718841769
0.192824082522891 -0.493861662032814 1.29275099433927
-0.991306959586421 -0.057355667216568 -2.33988955754305
-0.551226555511742 -0.377019853577508 1.45783021814789
0.487216532846016 -0.518394384678384 -0.776472742281034
0.700028751695909 -1.26993648437323 -1.85098406217183
1.03884157117595 0.846255304595432 0.220330957295617
-0.865634728327126 -0.86445756275466 0.240161184273982
-1.36170926399552 0.774085841905887 0.0360991627492779
1.58993390950203 0.376907155057953 0.396050617100363
-0.169556255028294 -0.374434228408083 -1.81994794624961
-0.251112863750618 0.46154569361317 0.980281148558316
-0.586630171786613 0.324715388593307 1.06053218201633
0.00203593649347429 -0.0455309396152437 -1.13102163339623
-0.364544299778025 -0.494425682203199 -1.26927708186227
1.2189553696761 -1.47747105354782 -0.697591561381189
0.238544340607029 1.18884879087045 -0.187720520409139
0.62444428768899 -0.0117076000054474 -4.0205257032561
-0.326146674518386 0.0873262832434164 -1.06845157221235
-0.390089815933721 1.0073538488004 -0.0675555307910932
1.17485610946886 1.14631856960814 -0.434197683885664
0.886172133597429 0.525945576741948 -0.180428406184264
0.985233413907276 2.69046497073835 1.73724262467823
-0.233727830011776 1.16713827109029 -0.333566038128894
-0.242548507102282 -0.128647481096698 1.64822531491193
0.825608550580345 -1.55872975049781 -0.267577621398329
1.94776394037778 1.34280792021797 1.28048920833962
-0.74593754989401 -1.30132313399088 -0.0656677383140696
-0.705731641332561 0.35623429217494 0.81819640549184
-0.0182664012343748 -0.0604053981120412 -1.3451921775528
0.878592808646466 0.853936009243229 1.65574977343578
-3.35791829557016 -3.34612764489204 -1.56669874465653
0.796709494837499 -0.00727592575687219 -0.759090209334572
-3.61175049960362 -0.0110181341465224 0.796960094909317
-0.651303214183125 -0.242105349052972 1.69721658185429
0.177907330387368 -0.0406999086447341 -1.81416766843709
0.310407080169873 -0.122903497680632 1.93464434518721
-0.162152563066546 -1.4418055457293 -0.313704425959149
-0.86635588379863 0.217841575327118 -0.525867649146311
0.0690214947472102 1.56087885500156 -2.26971856236579
-2.2027428749003 0.269385238355504 -0.188367979540903
0.905345283020943 0.0982851421195104 1.64426330008015
-0.466347851177886 0.972968199970338 0.743182395465407
0.437672541141185 -0.777454585632406 0.935784356846014
0.958217860578478 -0.0430424743362772 1.03987369177543
0.303240494199098 -1.35144151726974 0.438673989869192
-0.0171917549150689 -0.331135429566462 2.43100579309985
3.16496841470777 -1.26010449688236 -0.765913994749602
-0.951931747105666 -0.120664073077185 -1.68219123220113
-0.365389398304946 1.01871870661438 0.512744848920735
-1.38679636361577 -0.00531487658821243 0.919595719602072
0.615433369233907 1.49451899932545 3.76168750602229
-0.401891290733261 -3.40173514406506 -1.54697363439772
-0.386223177754794 -0.461639582584673 0.948963854359117
-0.893480946688654 -0.341275665459824 0.891054769145008
0.0782880766270882 -0.488351499084564 2.00668901609855
0.249117350375881 0.987591285194686 2.18216962905576
-1.46235396644585 1.22644452866872 -0.19791914558757
1.69021451691688 1.26559112587363 -1.5621617682688
-0.336965688358584 0.266343322163281 -1.11290415564966
-1.58548736006925 1.01715284347607 -2.46855905032639
1.01932596476606 0.59882585874409 -0.500349704480868
0.737705486896408 -0.701134642518212 2.42100632590153
2.43191453185655 0.347522202818476 0.861654061879916
-0.291336265993384 1.80399045894868 0.0662521532264857
1.85654041327486 -0.230464385519709 -1.82174482224618
-0.082783774938722 1.92571943749339 3.31856466465463
-0.0802019591691659 1.02703973148935 -0.636130347960448
0.904508487197483 -0.85330647001085 -2.12022281953253
0.959912524745876 0.0011650770517062 -0.349926334853449
2.1928706753247 0.0224301511441184 -0.90402803345123
0.152160766958674 0.734307160376358 1.38008370731134
-0.74967093075823 0.937146443146023 1.89264341650254
0.899531418569322 -0.63554558172999 -1.31939264196079
-0.0211285550218635 -0.279228752382164 -1.20358324869713
-0.977480494693308 0.451785159646823 -1.02763888964677
0.19924454560336 -1.97359109946985 -0.572344532639627
0.947589783039674 0.334193903990314 -0.981232129717652
-0.797240650961141 -1.57330230397187 1.91747684643852
-1.19422689256693 -0.0610583769849187 -0.82548616098738
-0.17540452686243 0.992492662106831 -2.64176324274661
1.04964979660517 2.43291420105192 0.946174183902449
-2.09880217511328 -0.453737206374709 -1.75982185778317
-2.36636861322003 -0.431014011885074 -0.599742961046785
1.88453553913725 0.391066643418128 -0.331755356770805
0.492911894962555 0.00964412597319058 0.895812568933818
-0.230477193184485 0.240896333017224 -1.45526340331508
-0.169031466976279 0.694719078474915 -2.42958717506647
-1.76296362729322 2.69089687014449 2.92350816289358
-1.13438177586393 1.05394482156663 0.0277760167628585
-1.01600589568056 0.691143974100844 1.32591780831441
-0.499719974340477 -1.18560758630525 -0.0805982296297472
0.0207882356083899 0.322921405468808 -2.61382435902409
0.277823195700631 0.582723829911409 1.34661909492913
0.37631936132109 -1.10616597809984 -2.17520256346804
0.569052959827652 -0.951000223349856 -0.041787004385949
-0.80279329866862 0.186539122317572 2.29200897006295
1.26424180880864 0.128645358920612 0.0667947869908188
0.98375851712634 1.52555708741672 0.21312633522947
0.704854700571986 0.00619906963884113 -1.48476103410064
-0.00430921159722714 -0.024967566633265 1.23906100543795
0.757913703564793 -0.3815655347663 0.779009568212003
1.41258288317287 -0.226846330277363 -0.694026227223647
-2.95716863649007 -3.3707752081931 -0.212709219284956
0.669248511562512 -1.31927391707096 -0.122031231292676
0.729889310230487 0.385689806454895 2.61780299740695
0.66815689495254 0.414520408840859 -1.0440690995142
1.10446871959188 -0.203553227149897 -0.0790640303021799
0.503635614623903 0.101671286310357 -2.00192705961474
2.29725411072446 0.901803821153232 0.35281793396518
-1.16091064986344 -0.212666466270649 3.90481480112984
-1.39540443447396 -0.528008092436991 -1.4103835805073
0.220937097732453 0.418307499582167 -1.09796659031504
-0.389889445187456 2.21771730600268 -0.567993168051508
-0.0722782269832674 -0.766737017552046 -0.965743875184697
-1.01948331800047 0.129479103784151 1.18647437516262
-0.00412815750267958 0.0235325177274489 -1.12970676160947
-1.24849376027003 -1.41122316835249 1.71008599694908
2.28685195436507 1.92360022416668 1.56430600535789
-0.234581195733841 1.25301946953919 -0.896175651600497
1.42493167301253 -2.05080928915543 0.0839325156583479
1.36602669823234 -0.578012949308914 -0.961534547176204
-1.26022323757745 0.107547837659576 -0.104577394834721
0.873597652431758 0.320872099305259 1.0083588053035
-0.0828182604500693 0.00624350124281582 1.22212515102722
-1.6541618382081 0.243000003886977 1.40441371580323
1.10510593181887 1.03120986921817 -0.18913291992015
-0.306813450702574 0.0855564769906134 1.2480756190874
0.695627639324042 0.335103507738255 2.87404709960317
-0.112900910858072 1.18428242243549 0.0492643218955473
1.03537364771428 -0.979759085655025 0.570764421764556
-3.2029152923674 0.0914919371108649 0.52453936499724
0.892702003663979 -0.0969918582735136 1.84539861089948
0.44580422996831 -0.202858143698165 3.32371167085439
-0.454203464879379 0.19880441156734 -2.04075838451495
-0.704127513487313 1.4226367757485 1.65545666832964
-0.221890001206777 0.124612525730068 1.07731420757358
2.38896544067855 3.28332713497462 -0.196296421774322
0.276194494656176 0.32566129796093 1.23750960895683
-0.101305975166923 -1.88927442874186 -0.224971645562118
1.49303957396065 -0.845854048132755 -0.202555429178903
-0.728114807672246 -1.00733201042525 -2.09389565843454
0.663568420457288 0.449401390944372 1.87157638826732
2.11126862031624 5.09121086780972 2.42867459917155
1.32295583661741 0.789349321510633 -0.40586574385645
0.746426378914572 -0.117293547408906 1.22274229252442
-0.0874276915179586 -0.483754484040777 2.44964661442796
0.581099874093368 1.01093410659476 -0.592788182148337
0.340752877414422 1.77399479191697 0.71099932849887
1.52736960983483 0.686717605994941 -0.186887437156154
-0.851159919861737 -1.10428767163957 0.708169480100296
-1.47871574262467 -0.830113394681984 1.14328984542259
1.53353291311642 0.754839423693688 -0.0721320666890775
0.967725002516448 -0.42263789427748 1.40545074226621
0.898238313215036 -0.0379322923238206 -0.751864536562422
-0.286179461145556 -0.024343081987597 1.70589530393382
0.301462141883415 -1.07345581806812 0.0602261424857015
0.140449938247603 0.565032782576532 1.06894834666408
-0.894073373242791 0.0841856650443733 1.70345137064216
1.75169825260828 -0.487451625715685 1.50215376328802
0.0136699798821913 -2.99006224206087 1.40560028124384
-0.405436885755255 -1.19099586963848 -0.112332298930657
-0.418400158625781 0.950992059386275 4.44472754674457
1.03733837209391 -1.09816822718874 0.50812165613241
0.876006229859071 1.92666753832314 1.69855205073312
-0.0613536401468188 -0.231364348242362 1.24623295475536
0.89201488587353 0.531909010768589 0.506711239522107
-0.163290193958775 1.24125609186556 0.78018511246508
-0.494740561070725 -0.104694073311425 -1.5199058430002
-1.5993978535506 -2.06865522117328 2.50362308890741
0.250831600238613 1.18796695008586 1.16037519325356
1.15077476751401 -1.26831363276331 0.920494023487065
-0.628472902045543 -0.521708206157455 -4.41770861595837
-1.82209673087644 -2.07431225153966 1.86715807608954
-1.35470587810076 0.18259744861014 1.23265292729967
-0.121869534438243 -0.456381927913 -1.20701634785033
-1.05090837723515 -0.158228555270422 2.0067837796829
-0.0848469586617022 2.05786885214006 -2.2985328518721
1.80622086588332 -0.697457057701799 -0.444679770628391
0.110742698809419 -0.0195258955361916 -1.82563519526102
-2.05513523725337 1.61107134651234 0.874528269147033
0.0613353892624277 -0.0221626125725676 1.545109550504
-0.190175478010553 -0.186261811575967 -1.34234193170991
0.482953427178081 0.778910365209662 -2.02599513914712
-5.79092566931929 -6.42507704744736 -1.9544602155633
-2.49519403716938 1.66762737190496 -2.81907349422253
0.441062546069233 -1.3038190577777 -1.38482865128268
0.204360526280354 -0.241455968330553 1.91241885690145
0.0854147316243163 -0.0123693545271514 1.06032525745588
0.0572213232758432 -0.931324173977915 0.766374758243606
0.244721173230937 -0.729457050556665 1.23471223287852
-0.771098633804088 0.571761537597089 1.48000362071138
-0.242746646117862 -0.372475612342432 1.32920352614145
0.233130918584705 0.494939844804454 1.21016450039827
0.0785380468700215 0.0128179998652234 -1.32448811204016
-1.98870762355947 1.47417231720996 5.15386887520916
0.38907824807053 -1.56979588857666 0.302951583372565
0.697557423963352 -0.512602968762557 1.3644043940712
0.439452918999597 -0.418765391613947 1.39331942871347
-0.486320443494032 -0.749721180185781 -1.60975092264823
0.996090190409218 -0.24147498221799 -0.262792427775015
-0.593642647771447 -3.34988340100791 0.326785052652026
-0.350701000750898 -0.568907661056178 -1.86774222060179
1.82080550422566 1.94576836568124 0.0131432636204598
0.42184808602575 0.461525954456712 -2.10177909025341
0.236643792022187 0.137263347118791 -1.09584030746421
1.64061096969266 -2.66378030092647 2.18386490982276
0.855350319952093 0.548260375752647 0.319384055895643
-0.00131710920693543 -0.0760509438531015 -1.5567420820325
-0.0311499444229784 0.0356726253660709 -1.48829527592331
1.33389582995821 -0.185171338981241 -2.98335259493834
0.1978069256101 0.518019571591986 1.3251955109066
0.93641294318825 -0.920994123498032 -0.85671917453365
-0.147314016601525 1.16770764148718 0.648260725896118
-1.37608868013068 0.494667901957949 0.65877817940097
0.0106314254751326 -0.0392903072156743 2.06961692428662
-0.643627984318343 -0.870295820118143 -2.04925203010166
0.705720127660504 0.32619648100485 0.989005716529013
-1.60856628564121 -0.110089956574657 -0.0751932794259189
-1.50321512362419 2.4986120510814 -0.946608299278816
1.29792396401873 0.297097481102673 0.26073112252526
2.66198132133808 -0.434157577030056 -1.36935748005717
-0.154340719314275 1.32362100046774 0.303211447402767
0.0600231139180693 1.67597713770185 2.37375832827914
-0.67859803376262 1.09395458689537 0.548698349337834
-3.71606348159025 2.41517583582662 1.12971253660349
0.164521764551022 0.774215226686138 0.797551552994846
0.490385087001285 0.308033939893652 -1.38534207619606
1.00296927157993 -0.399966929305136 -0.66236513080993
1.2326798409016 2.34736111442597 0.378335728608464
0.83464128611389 -0.272349471606704 -3.06705276500827
-0.964629236917784 1.09953098624593 0.346524271373576
-1.84400626355397 -2.47403143483208 -5.67776586103898
-0.0398441851012726 0.934653247685616 -0.872218308711466
-0.368506457048213 -2.4302563849343 2.4498463030161
-0.00315082216348878 -0.0231859207233386 2.28961795693838
0.044652084790577 0.0766220840020681 -1.93547156346507
-0.276124617998511 -0.225653642674318 -1.48381998784302
0.898248872561559 -0.477226788611551 -2.2078224607805
-0.686366614527745 0.609468430811314 2.12917186751046
-0.460875739328798 0.0915052267316979 1.22812822927792
-0.281547825691343 -1.23798917798446 -0.273128117636893
0.260115997782973 1.30106579021909 1.06347328110793
1.09984583597178 0.542556734723508 -1.22287682640339
-0.932457221885385 1.19355213074696 1.29462431514421
-0.927761458139752 -0.337578128871863 0.56004926323177
1.24842568178075 -0.768195436751457 0.846343113971646
0.00461190931429813 -0.20144423156094 -1.14887684807913
0.86710420098146 -0.45042613272963 -3.26413282981568
-2.54396847594666 -0.953090496541567 0.609530138240699
1.01634948564156 -0.00297404632501461 0.109358261329877
0.0166229503657163 -0.0538012763013662 3.70874879810586
0.0421112899767661 0.0362827494170599 1.41753188914513
-0.87670843924501 0.373355179296726 1.05275717042374
-1.6729368790882 -0.176316531282069 -4.5730319723584
0.197699578114349 2.01784392910433 -0.153471994414847
0.214866608408988 -0.73339917033106 -1.93527012540911
-0.90570564356009 1.48204221076755 -2.79648339794421
0.0901090910796645 0.266461567522887 1.48318817213551
0.930975105870813 0.750617663829011 -0.684059797049644
-1.17108605247837 1.53651342880778 0.0109925305918444
-2.12824140090265 0.737460184787138 0.387476745500218
-0.591175963915231 -0.494138231435766 -1.60473360195281
3.13655630730905 0.128567971907793 -0.33068030934611
-1.24215376732779 -0.359514572809766 0.575117561141532
-0.807363112817394 -1.98148556530159 -1.32657242009976
0.463675443344962 -1.17702913337385 -0.484816172795794
-1.62126375475386 -1.0170417855947 -1.59754082655722
1.38653937064006 0.0951405676136204 -0.882537691632236
-1.37874892606239 -0.562519542293846 -0.251113805890755
0.595317336286095 0.840870880245971 -0.191828125963864
-1.36421322041586 -0.211432101561486 0.544925531515996
0.459354994891754 0.363825217194673 1.16492303638243
0.0573011043265805 0.857833838276254 1.22769807443288
0.0374332522091785 0.488095297854242 -1.02106996130863
-0.399429304125394 -1.07284520844992 1.20389207790228
1.54786642763785 -0.0394191770709822 0.0524096210830607
0.0564499372235281 -0.805338243553734 1.29156913296661
-0.169983586395539 -0.162901711211904 -1.43686919899929
5.34765746457809 2.48654488849138 1.73115791617791
-1.51260349011328 -2.15696969493286 -3.94372272297828
-0.287395473324796 0.977650023540035 0.947826139681232
0.807495197122369 -0.601673525703953 3.95540980138462
-0.643232411158806 1.54540101190344 -2.12730268439254
-0.368355586792119 -2.85885474608644 -2.08834348877185
-0.500758876407191 -1.00945294638481 0.343927263663911
0.303500368966495 1.37976676935647 -1.89035698923163
-1.12327469603747 1.07963584783835 -0.764828493717051
0.133027705847459 -0.845512384744373 2.87422102501452
1.22154008041549 1.1270670766868 -0.861348926984818
0.227733836687368 -1.01375143522174 0.139877791821598
-0.162056097607314 -1.60843329123839 0.843967887360011
-0.383124788799086 1.47601148430938 -0.167142739642535
0.966632032987791 -0.232496947157537 -1.21035982344995
-0.49680467651438 -1.78064680805004 -1.6077806707068
0.831678974594269 0.134005429680039 -0.779526544632177
0.472264564067224 0.606269171690965 -0.842067933764794
1.32341829687366 0.182527405668015 0.945102236745856
0.127363109130594 0.218968530509642 -1.51944220602577
-0.420682212074399 0.232315361283967 -2.10759699139429
1.3233988913685 -0.623828034230376 0.318926846231438
-1.07262694081938 0.0478220301448163 0.708501832481417
0.0620676596718646 0.892448304807101 0.48172113380252
-1.59881129503222 -1.6281342103453 -0.714138653533929
-1.64477715179755 2.62245706134836 -0.0966857006979207
-0.212591375334494 -0.0541832930190918 -6.01489596352009
1.02919717422808 -0.591134760495783 0.969044169052499
0.337824036855097 -2.18863774305391 -0.32036295679012
0.0249712878631248 0.899995977414976 -0.984113362609968
1.44166997160189 -0.603650507377608 -1.16933393782807
-0.919800474099103 0.261701021470699 -0.583909067192697
-0.156519328327145 -0.950096034475271 -0.835884322740994
-3.41547357947592 0.640536594510318 -1.30559255002143
-0.00179193176863678 -0.359708777869008 2.59250372195975
0.126181162028224 -1.78506005432574 0.430057127017125
-0.943191856785578 -0.255257867332672 1.43430417999515
-0.000936983265266718 -0.000566554679393997 -1.72998036057146
-1.12481080693783 1.4578607637379 1.43485584714864
-0.0531162949932579 0.0414510422911067 -2.93807281313854
-1.71534327710427 -0.907949910997343 -0.804917499312908
3.79362700385006 0.688398638837098 2.66349153089435
0.365326584044543 -2.85155813111646 0.224525584282308
-0.101010056741891 0.115043875033659 1.7495082780869
0.448943298435574 -1.8369086159913 -2.62685309774425
-4.42205884755557 -1.41869289619004 -1.82572633743336
0.0824099645739575 -1.07347553574565 -0.664963880408893
-0.275438179107745 -0.0135643112142939 1.66500972740571
0.124808325808415 0.580958884349619 -1.6567455838363
0.846474912705071 0.979135587483569 0.289629784118881
1.68502933385893 1.9387882653908 -1.1214588100394
-0.584905782057541 -1.87543013085726 0.613949818938149
1.65952662110448 0.199360037812737 -1.778668453422
-1.26029283232129 0.278796138326148 -0.96796606308018
1.15074775015932 -0.554150122327639 -1.21711723984139
0.343627633814641 1.89806877512334 1.76021124520593
-1.53425929954519 -0.693297752058524 1.46930860741265
0.548952569345156 -2.03740385996693 2.44309959034302
0.871594040363234 1.75575983048788 0.917317119232906
-0.93031277139548 -0.395740269640724 -1.59860060128775
1.72185885022035 -0.473985991500618 -0.880713424585948
-0.875868587856481 0.241397336926628 -1.58385846050223
0.0525337076970943 1.27281439917959 -0.92850229342025
0.758345320218655 0.903039320618744 0.958407486768198
0.610845580573731 1.43226396069663 -1.04410558555616
-2.03927481926194 0.40164216119557 0.991762218821352
-0.380881827959312 -0.598310416661398 -1.85083925816898
0.674384911445375 -0.201092486512764 -1.53664498234551
0.494406926892744 1.01476124063107 -0.550986678024917
0.583250515994341 0.593518271819967 3.25518211942046
0.766155727639959 -1.64191237679013 2.47224539892591
0.445616949706409 0.0196522011618482 -1.01602237012629
0.686602231197489 -2.64444176511757 -2.83369168282681
-0.0831084565949013 -0.054524948853087 -2.31822293406074
-0.100813643226101 -0.38075182306234 2.0366331376073
1.04701114626664 1.00325302429661 -0.494332579383702
0.578460376778262 -0.156517289401077 1.54165061691524
0.0607476487354724 -0.160116321963205 1.37691288256213
0.773720272307186 0.0921031535511796 1.35110564724551
-1.48863995428414 -1.16201368515593 3.33571963010717
-0.622247235927137 0.87882711660407 -0.983299398342433
0.68511792347712 -1.12102868377955 1.50176353503583
-0.327709417110164 -0.198346009480551 1.18337157422512
-1.03306036996556 1.10879281676313 0.0323471376963609
0.972127075068674 0.791354879807437 -0.690919102499936
-0.568538605745521 -0.474593272280647 1.6750561984151
0.214839736657408 -2.06894832283183 2.95488206774299
-0.0949461999808806 -0.920338000929615 -1.67893697060202
-1.70003259434824 0.825822311494742 -2.49368417825281
-0.553979171513755 -0.580851307440587 -0.647915768097832
0.845836698936335 0.130601004864027 0.578104947629676
1.12061442227259 -0.149478508865997 -0.157879608681798
0.244433054107452 -0.250335411051505 -1.61203411700049
-6.538809791909 3.37779762425624 0.389784356107174
-0.14115493577719 0.643121237531621 -5.65878258945558
1.09919816456155 -1.21105500020362 2.01590206763633
0.644866847616266 0.448140841318288 0.911079687262707
0.125092389418238 0.566949158229613 -1.02820135085017
0.206969451108194 0.681446350344777 1.01950539096985
0.375603235697108 -1.05541493445288 -1.15704205204912
-0.579404349011568 1.39833531641021 -1.20469601302731
-6.41514587992447 5.72894224028377 1.29521157278738
-0.861721372950646 0.875838434629969 -0.458247449547501
0.337285352896431 0.435592506910612 2.45820625058212
-0.0749264404336283 0.232236856225905 -1.15241543847441
0.664360867447169 -0.812144215079268 -0.65795130970518
0.669676440481877 0.376230455318409 0.747820447984093
1.2950468739179 2.64156789733017 -0.156750643181511
0.129571568005409 0.421122082370289 1.11200556541055
-0.785449975393057 0.99301004827497 0.321662654884508
-0.0915636424902021 0.362956233738003 -2.82897994659882
3.42726896587586 0.150968670201409 -1.87970718297204
0.451778787792769 -1.01861661716606 0.463236277902109
-0.197412240482818 2.54531152552513 0.326119818641269
-0.527765231510929 -0.532597447889221 -2.16115378346612
0.948953719127312 1.01120426661715 0.348676226082405
0.87359999195838 -1.38308064863703 1.58645189542545
-3.12347525490377 1.80999425489072 -2.19026789949729
0.751892070110677 1.32093158227286 -2.5851400715074
1.25998228539258 -0.116841010171378 -3.79259519069095
-1.35798509786418 -0.288533525580846 0.225411392846203
0.888373386024994 -1.85144656243598 1.59293110320779
-0.0219746317081479 0.0193068512093752 2.68615759462599
1.0548881633641 0.0287056584443175 -0.390438109493051
-2.04257674270637 1.45837763786025 -0.437561430730425
-0.595973832217096 -0.806392297828247 -3.20700623158372
0.727545419699859 0.599596871592446 1.80960428233703
-0.25903876036861 0.514969939008948 1.27949089479711
0.487706727358522 -0.125863874107493 -1.21236156042922
-0.4100752024519 0.546233051678077 -0.854513125600712
-0.959347209016998 0.581676037774779 -0.341063411153606
0.482855455000963 -1.78865544248641 0.678361641461403
0.543024372535938 0.962549947635239 0.387874445523349
0.249919981818656 -1.3639021335435 -0.419825016528828
1.62399775186719 2.88292895670394 2.35131791410713
-0.619658197935339 -0.237577261077903 -0.944585254692469
-1.10082362042707 3.16643865068907 -0.305475328490863
-2.47106174739551 1.0480999475653 2.88818145894202
-0.204503076242588 -0.190695724865169 1.58844635852824
-0.450894165575105 -0.85301443749276 1.73531734496754
-0.591641732473079 0.847484910580036 -0.579275571734474
1.57106197118689 0.381188874263214 0.32895769334848
-0.0773149441090472 -0.523627015323387 -1.30648621590576
-0.113924853919368 0.593260029485028 -0.900289135416267
-0.345265635382195 -1.31634477363153 -1.50318285889131
-0.43791079781036 -1.24898321336931 -0.386621765183645
0.389378573637655 0.0542499044847661 -1.75973863703465
-0.897055187703582 -0.832527154346555 2.02476671046767
-0.191040390373576 0.995451684025848 1.58499714637068
1.89202379204636 2.07620267360401 2.47452327125197
0.164023963664501 -1.99808563728073 0.503301117286895
-1.67242602826751 2.03966708291753 -0.641554787116498
-0.106817827567856 -0.0756952066410076 -1.13696646843996
1.522950541597 1.25800486861537 -0.531504052608537
-2.09276477871841 -3.28818171582708 1.09759984685498
0.175298130974692 0.736722926918373 -1.58566325262587
-2.97443853404781 -1.55752326773316 0.47110115860263
-1.1024126640476 0.994307484681815 -1.91749319419175
-0.24833935941966 1.51316971986022 -2.80147752586926
-0.659175552851129 -0.953234498326539 2.07906501398254
-0.435505486342897 -0.409929972921166 0.934287915153319
-1.66729932655623 -2.44199023466569 -0.576627350735468
3.04717475109348 -2.26512693257233 -0.234056446917793
-1.05296810367527 -1.25681627225312 3.33374132424891
1.19498006194098 0.0892177222874096 -1.44215810928575
-0.689995032779201 -0.664296931979234 0.538819882372845
-0.36778411250041 0.0657738302337327 2.5358201594906
0.093588707346338 0.974008015713786 -0.913280152203386
-0.117897612505888 -0.145973398347224 -1.35167476863487
0.731210218230558 0.401750977281349 -0.690562289430145
-1.69649395557447 -0.223077843151221 2.27612017858929
1.2697802648373 2.04623505774792 0.805029403999023
-1.09868522143161 0.292651578822003 -1.02587217573208
-0.0872059872845656 1.00579715553231 0.708599128463514
0.503431973866393 -0.17266625899591 2.22598245087599
-0.872365989713338 0.0151514973755019 -1.18644221210832
-0.1443569800065 1.31269422923073 1.37022579515071
0.283908883898904 0.752838826044486 3.55004325125636
0.626800608836749 1.21769859818109 0.0500824611647061
0.949452386427538 -0.4657301871883 -0.153817890899838
-1.14286946906541 2.11888122560337 0.153860028592643
0.119928601192707 0.529514191584166 -0.850587893506462
-0.0793509949570549 0.211645314919631 1.0222425693652
-0.989709782010884 -0.104830387976326 -0.251651003416172
1.08279240974602 1.57255114345369 1.0820006713931
-1.54322871796783 -1.12537210930428 0.68900529579925
0.534772356173968 -1.03265341196393 1.54971755406458
-0.170868651128468 -0.996445609356529 0.366816316519143
-1.9401497328076 -0.152485447030479 -0.80358996182552
-0.940851916571016 -0.40495394993584 -3.78426860258129
-1.1469202599825 -0.355241219338092 0.304548715741097
-0.514905819158296 0.271500292379318 1.02241183809712
0.941347574195865 -4.01633419105544 -1.61578477476423
0.680839034156734 0.824302580765437 0.244837816526812
1.92692651587902 0.695688755632103 0.299927618633145
1.33238332277166 0.632545476667287 -0.890350028085808
0.910102537342127 -1.67018334448398 0.590842322746419
-0.326893566811981 1.06285481028658 0.037631831967934
-0.301686986548503 -0.796159495959539 1.05832674632797
-0.299732963425457 0.24894888625008 2.48287196776492
-0.0107564805798393 1.51182876399887 3.33382766002156
1.10466958484708 -3.34223591732785 -1.18582891203671
-0.294048289261933 -1.07980094737024 -0.710935431935225
0.628193629668631 0.24542167133471 1.17482813093415
2.26685574635298 0.291915595911656 -0.836809756865285
1.32075024018907 0.989568701541968 -1.60864906781707
-0.27503960461313 0.725372826827521 1.22360416663832
0.0377497761384072 0.361201592652709 0.983640466451357
0.886817898200545 -0.412587543135019 -0.311695683735202
1.26822426404807 0.495979801803001 2.35004985931698
-0.732951253979914 0.840680010608726 1.16623078790165
-0.61685185080127 -1.92037878797791 -0.182444707241244
0.0892510811474363 -0.90293971125419 -0.864801137486292
1.19005215304332 0.155322253297173 -0.0973799485167447
1.38763304150632 -1.4461622149619 -3.47796517096331
0.117651400160451 0.28545132398756 -1.17811829738126
-1.96564037763993 0.844743035081683 0.984642786168251
1.19592049766932 -0.923249261798988 0.791750531090263
-1.10288814955417 0.0903497444433566 3.27208705963325
-0.335580140293444 -1.19091515941792 1.37229087632669
-0.940611042023145 -1.37480439898651 0.881899242210252
1.35647707549089 0.300400692735144 -2.72949871920553
-0.641834729394832 -0.648352975888897 2.19762395668243
-0.946839141013775 -2.17162514640226 1.41476250443772
0.145402421177532 0.0155093632756584 1.75733163165777
-0.0995518994688941 -0.0571221358319495 1.07464402355025
-0.0649553342088954 -0.985295994383985 -0.301528599221893
-1.05877379847958 0.0755514774465663 -0.286639522432546
2.23757437483981 -1.44619495873869 -1.72374889918303
-0.427438551637276 -1.47422982460203 1.99546449955207
-0.675149441823337 -0.3279181072984 4.48516619673898
-0.283741480061891 -2.49415374704828 -0.373748913352651
-0.0210505923662612 -0.108073193560972 1.08048544165001
-2.16513610820013 1.13878995358341 -3.32754827153225
-0.27246790340808 0.692115484083541 3.06855401441644
0.85745267146127 1.4437809089329 0.666485042540478
0.921366540076752 -0.292048640388202 -1.01054568328154
1.40877958768222 1.33276956960326 0.269397639373927
-0.10359452089046 2.02213192778546 -0.0522378399149765
-1.51552703506879 0.277884117322123 -1.35140911886572
-2.83971488741618 0.376761766938782 -2.37143350285416
