2.40182642281556 2.50722879641323
1.80505693090666 2.02621504628893
2.46445870708 2.15111325333156
1.32616427551812 2.33627133319779
1.44497741301555 2.60806721862188
2.79016576489817 2.05780065663047
1.78595854752347 2.39375619149593
1.16079988117207 1.59395812736302
3.35792041682131 1.40013712755753
2.8320572235346 2.17170173314976
2.66552420799473 2.81609089216899
2.25051672198934 1.74816652183217
1.77260353777255 2.00067154690032
2.67353082816082 2.12569551775967
2.62610964207415 1.88915065798602
1.90654266629746 2.02763036997966
3.31599363431845 1.51313510429433
2.44165129809886 2.09925630801749
3.15911120869913 2.42183247134232
1.34025710282021 2.0505729468306
0.12275017746986 2.2588740049746
3.92856007276166 1.78381039650394
2.3854310431043 2.64459404578735
2.20439045980454 2.0589463525742
0.962968787690357 1.7450286804825
2.28427833212862 2.11636148927403
1.86236100474824 2.03645463965338
1.87892265764031 2.06687459513465
1.86411625293289 1.92447518233821
1.85205221105095 2.13096934595028
2.55048170889736 1.79824409625926
1.18646146760404 2.82521911790491
2.78772433386059 1.41464053029058
1.00898749061003 1.23286133431612
1.93912314809178 1.41501521609599
2.17669187758117 1.99476562661185
2.96853098428293 2.55464217077341
2.38126939729049 2.11053984599657
0.756088327900769 2.61804958947588
1.79134325965074 2.06891087298724
1.88221085797055 1.33130035211993
2.33887438237831 1.23911917191017
2.69491089482354 1.37590879195154
1.66979261631038 1.63816556128073
1.57783606014321 2.15169091961097
3.49746205820229 1.73079910074752
1.90726234481482 2.08363684966095
1.86474414355798 1.40321122242742
1.6441277903354 1.84289347034676
2.60785648086899 2.06720132464296
1.9009826111301 1.85667240835683
1.82050449282137 2.17251018752425
2.78102698366192 1.90948179657303
2.32749430165158 2.75800035782625
3.95916694322591 1.985162664113
3.61297987426237 1.9958461780863
0.989751966240923 2.09979484983763
1.46796550416187 2.2199164106236
1.36354861013413 1.68051622232815
3.61769019599492 2.11885090744749
2.75350630814973 1.53554822904748
2.66855455541733 1.2230771212692
2.76763178855847 1.36395594742777
0.649322003856177 1.78692918187985
2.4897553578819 1.89482820285997
1.7400346236127 2.94724148114479
0.290649785776313 1.59276765131447
1.98014372057135 2.20928148757231
2.86329950448634 2.29686436562355
2.45713658902779 1.88886903992702
2.24272948430581 1.82446345206549
2.91804321204831 1.15117700894259
0.879330126930479 1.84926864884789
2.03078514893821 2.04367828384764
3.09565644456121 2.56400858278487
0.928229638395835 1.61342089078353
0.895153035950747 1.74503741605357
2.02269693876846 2.00981033861485
2.36440107069742 2.4814468995732
2.00674277945036 2.27412391829951
3.28193329744675 1.60295638289527
1.53283491975776 2.20660593930769
1.806032618175 1.71172133535795
1.79624286617472 2.98537751531484
0.9734478842305 1.28507399181697
1.5185895833861 2.62359063676359
2.17740598539246 1.23132839011517
2.21055218876725 1.30551016993704
2.38353082343208 1.89183188955677
1.83207700319307 2.02162850691898
3.20269452594884 2.19944157081897
1.94126899841151 2.00223533980268
0.556327555549502 1.424813633346
2.49073757252863 2.01240391627812
2.97297478989738 2.11390122467875
0.300433875672918 1.63514236138686
0.673405980545509 2.21121382351047
2.20406912133861 1.90655728704363
2.15848373014577 2.01439571982146
1.82116849240582 2.20054942223143
-1.79908678859222 2.01445759282646
-2.09747153454667 1.05243009257787
-1.76777064646 1.30222650666311
-2.33691786224094 1.67254266639558
-2.27751129349223 2.21613443724376
-1.60491711755091 1.11560131326095
-2.10702072623827 1.78751238299186
-2.41960005941397 0.187916254726033
-1.32103979158935 -0.199725744884941
-1.5839713882327 1.34340346629953
-1.66723789600264 2.63218178433797
-1.87474163900533 0.496333043664343
-2.11369823111373 1.00134309380063
-1.66323458591959 1.25139103551934
-1.68694517896292 0.778301315972049
-2.04672866685127 1.05526073995932
-1.34200318284077 0.0262702085886631
-1.77917435095057 1.19851261603499
-1.42044439565043 1.84366494268463
-2.32987144858989 1.1011458936612
-2.93862491126507 1.5177480099492
-1.03571996361917 0.567620793007878
-1.80728447844785 2.2891880915747
-1.89780477009773 1.11789270514841
-2.51851560615482 0.490057360964992
-1.85786083393569 1.23272297854807
-2.06881949762588 1.07290927930676
-2.06053867117984 1.13374919026931
-2.06794187353355 0.848950364676425
-2.07397389447452 1.26193869190056
-1.72475914555132 0.596488192518527
-2.40676926619798 2.65043823580982
-1.6061378330697 -0.170718939418834
-2.49550625469499 -0.534277331367752
-2.03043842595411 -0.169969567808015
-1.91165406120942 0.989531253223694
-1.51573450785854 2.10928434154681
-1.80936530135476 1.22107969199315
-2.62195583604962 2.23609917895177
-2.10432837017463 1.13782174597449
-2.05889457101473 -0.337399295760137
-1.83056280881085 -0.521761656179669
-1.65254455258823 -0.248182416096917
-2.16510369184481 0.276331122561468
-2.21108196992839 1.30338183922194
-1.25126897089885 0.461598201495048
-2.04636882759259 1.16727369932189
-2.06762792822101 -0.19357755514516
-2.1779361048323 0.68578694069352
-1.6960717595655 1.13440264928592
-2.04950869443495 0.713344816713662
-2.08974775358931 1.34502037504851
-1.60948650816904 0.818963593146069
-1.83625284917421 2.51600071565251
-1.02041652838705 0.970325328226002
-1.19351006286881 0.99169235617259
-2.50512401687954 1.19958969967527
-2.26601724791907 1.4398328212472
-2.31822569493293 0.361032444656308
-1.19115490200254 1.23770181489497
-1.62324684592514 0.071096458094953
-1.66572272229133 -0.553845757461597
-1.61618410572076 -0.272088105144457
-2.67533899807191 0.57385836375971
-1.75512232105905 0.789656405719949
-2.12998268819365 2.89448296228958
-2.85467510711184 0.185535302628939
-2.00992813971433 1.41856297514462
-1.56835024775683 1.59372873124711
-1.77143170548611 0.777738079854049
-1.87863525784709 0.648926904130972
-1.54097839397584 -0.697645982114826
-2.56033493653476 0.698537297695783
-1.98460742553089 1.08735656769528
-1.45217177771939 2.12801716556973
-2.53588518080208 0.226841781567062
-2.55242348202463 0.49007483210714
-1.98865153061577 1.01962067722971
-1.81779946465129 1.9628937991464
-1.99662861027482 1.54824783659902
-1.35903335127662 0.205912765790547
-2.23358254012112 1.41321187861537
-2.0969836909125 0.423442670715891
-2.10187856691264 2.97075503062969
-2.51327605788475 -0.429852016366066
-2.24070520830695 2.24718127352719
-1.91129700730377 -0.537343219769654
-1.89472390561638 -0.388979660125917
-1.80823458828396 0.783663779113538
-2.08396149840347 1.04325701383795
-1.39865273702558 1.39888314163793
-2.02936550079425 1.00447067960536
-2.72183622222525 -0.150372733308001
-1.75463121373569 1.02480783255625
-1.51351260505131 1.22780244935751
-2.84978306216354 0.270284722773725
-2.66329700972725 1.42242764702093
-1.89796543933069 0.813114574087252
-1.92075813492711 1.02879143964292
-2.08941575379709 1.40109884446286
